# label
# x y z
2.44929e-15 5 -2
1.21556 4.68489 -1.9596
2.277 4.0925 -1.91919
3.12595 3.2784 -1.87879
3.7215 2.30907 -1.83838
4.04185 1.25678 -1.79798
4.08444 0.194566 -1.75758
3.86498 -0.808716 -1.71717
3.41512 -1.69258 -1.67677
2.77941 -2.40837 -1.63636
2.01141 -2.92165 -1.59596
1.16962 -3.21352 -1.55556
0.313275 -3.28076 -1.51515
-0.501635 -3.135 -1.47475
-1.22578 -2.80086 -1.43434
-1.81928 -2.31341 -1.39394
-2.25364 -1.71512 -1.35354
-2.51278 -1.05253 -1.31313
-2.59317 -0.372841 -1.27273
-2.5031 0.279159 -1.23232
-2.26127 0.863904 -1.19192
-1.89469 1.3492 -1.15152
-1.43635 1.71178 -1.11111
-0.922518 1.93805 -1.07071
-0.390146 2.02427 -1.0303
0.125573 1.97591 -0.989899
0.593344 1.8066 -0.949495
0.987451 1.5365 -0.909091
1.28893 1.19052 -0.868687
1.48618 0.796274 -0.828283
1.57507 0.382107 -0.787879
1.55852 -0.0247306 -0.747475
1.44571 -0.399697 -0.707071
1.25093 -0.722222 -0.666667
0.992216 -0.976597 -0.626263
0.689987 -1.15247 -0.585859
0.365554 -1.24496 -0.545455
0.039821 -1.25444 -0.50505
-0.267875 -1.18602 -0.464646
-0.540699 -1.04881 -0.424242
-0.765005 -0.855066 -0.383838
-0.930769 -0.619253 -0.343434
-1.03178 -0.357102 -0.30303
-1.06561 -0.084716 -0.262626
-1.03344 0.182223 -0.222222
-0.939702 0.429148 -0.181818
-0.791668 0.643162 -0.141414
-0.598957 0.813486 -0.10101
-0.373028 0.931778 -0.0606061
-0.126644 0.99236 -0.020202
0.126644 0.99236 0.020202
0.373028 0.931778 0.0606061
0.598957 0.813486 0.10101
0.791668 0.643162 0.141414
0.939702 0.429148 0.181818
1.03344 0.182223 0.222222
1.06561 -0.084716 0.262626
1.03178 -0.357102 0.30303
0.930769 -0.619253 0.343434
0.765005 -0.855066 0.383838
0.540699 -1.04881 0.424242
0.267875 -1.18602 0.464646
-0.039821 -1.25444 0.50505
-0.365554 -1.24496 0.545455
-0.689987 -1.15247 0.585859
-0.992216 -0.976597 0.626263
-1.25093 -0.722222 0.666667
-1.44571 -0.399697 0.707071
-1.55852 -0.0247306 0.747475
-1.57507 0.382107 0.787879
-1.48618 0.796274 0.828283
-1.28893 1.19052 0.868687
-0.987451 1.5365 0.909091
-0.593344 1.8066 0.949495
-0.125573 1.97591 0.989899
0.390146 2.02427 1.0303
0.922518 1.93805 1.07071
1.43635 1.71178 1.11111
1.89469 1.3492 1.15152
2.26127 0.863904 1.19192
2.5031 0.279159 1.23232
2.59317 -0.372841 1.27273
2.51278 -1.05253 1.31313
2.25364 -1.71512 1.35354
1.81928 -2.31341 1.39394
1.22578 -2.80086 1.43434
0.501635 -3.135 1.47475
-0.313275 -3.28076 1.51515
-1.16962 -3.21352 1.55556
-2.01141 -2.92165 1.59596
-2.77941 -2.40837 1.63636
-3.41512 -1.69258 1.67677
-3.86498 -0.808716 1.71717
-4.08444 0.194566 1.75758
-4.04185 1.25678 1.79798
-3.7215 2.30907 1.83838
-3.12595 3.2784 1.87879
-2.277 4.0925 1.91919
-1.21556 4.68489 1.9596
-2.44929e-15 5 2
