# label
# x y z
2.44929e-15 -2
1.21556 -1.9596
2.277 -1.91919
3.12595 -1.87879
3.7215 -1.83838
4.04185 -1.79798
4.08444 -1.75758
3.86498 -1.71717
3.41512 -1.67677
2.77941 -1.63636
2.01141 -1.59596
1.16962 -1.55556
0.313275 -1.51515
-0.501635 -1.47475
-1.22578 -1.43434
-1.81928 -1.39394
-2.25364 -1.35354
-2.51278 -1.31313
-2.59317 -1.27273
-2.5031 -1.23232
-2.26127 -1.19192
-1.89469 -1.15152
-1.43635 -1.11111
-0.922518 -1.07071
-0.390146 -1.0303
0.125573 -0.989899
0.593344 -0.949495
0.987451 -0.909091
1.28893 -0.868687
1.48618 -0.828283
1.57507 -0.787879
1.55852 -0.747475
1.44571 -0.707071
1.25093 -0.666667
0.992216 -0.626263
0.689987 -0.585859
0.365554 -0.545455
0.039821 -0.50505
-0.267875 -0.464646
-0.540699 -0.424242
-0.765005 -0.383838
-0.930769 -0.343434
-1.03178 -0.30303
-1.06561 -0.262626
-1.03344 -0.222222
-0.939702 -0.181818
-0.791668 -0.141414
-0.598957 -0.10101
-0.373028 -0.0606061
-0.126644 -0.020202
0.126644 0.020202
0.373028 0.0606061
0.598957 0.10101
0.791668 0.141414
0.939702 0.181818
1.03344 0.222222
1.06561 0.262626
1.03178 0.30303
0.930769 0.343434
0.765005 0.383838
0.540699 0.424242
0.267875 0.464646
-0.039821 0.50505
-0.365554 0.545455
-0.689987 0.585859
-0.992216 0.626263
-1.25093 0.666667
-1.44571 0.707071
-1.55852 0.747475
-1.57507 0.787879
-1.48618 0.828283
-1.28893 0.868687
-0.987451 0.909091
-0.593344 0.949495
-0.125573 0.989899
0.390146 1.0303
0.922518 1.07071
1.43635 1.11111
1.89469 1.15152
2.26127 1.19192
2.5031 1.23232
2.59317 1.27273
2.51278 1.31313
2.25364 1.35354
1.81928 1.39394
1.22578 1.43434
0.501635 1.47475
-0.313275 1.51515
-1.16962 1.55556
-2.01141 1.59596
-2.77941 1.63636
-3.41512 1.67677
-3.86498 1.71717
-4.08444 1.75758
-4.04185 1.79798
-3.7215 1.83838
-3.12595 1.87879
-2.277 1.91919
-1.21556 1.9596
-2.44929e-15 2
